DLBCLtraidx <- c(63,66,56,14,47,67,62,37,20,34,43,31,54,5,39,3,42,2,48,59,9,6,29,71,
40,36,61,73,18,28,25,8,26,49,27,11,70,21,38,55,19,10,30,69,53,24,76,45,
12,13,51,77,23,74,46,44,72,75,1,7,52,4)
DLBCLtesidx <- c(41,17,57,32,68,16,65,64,60,58,33,22,35,50,15)
DLBCLtraclass <- c(1,1,1,0,1,1,1,1,1,1,1,1,1,0,1,0,1,0,1,1,0,0,1,1,1,1,1,1,0,1,1,0,1,1,1,0,
1,1,1,1,0,0,1,1,1,1,1,1,0,0,1,1,1,1,1,1,1,1,0,0,1,0)
DLBCLtesclass <- c(1,0,1,1,1,0,1,1,1,1,1,1,1,1,0)

CNStraidx <- c(10,46,49,39,47,5,36,32,56,1,17,37,41,59,4,57,25,28,38,44,60,33,16,14,
21,53,27,45,43,26,13,2,7,54,35,19,18,20,11,6,51,58,55,23,3,42,29,34)
CNStesidx <- c(48,15,31,30,50,40,12,9,22,8,52,24)
CNStraclass <- c(0,1,1,1,1,0,1,1,1,0,0,1,1,1,0,1,1,1,1,1,1,1,0,0,0,1,1,1,1,1,0,0,0,1,1,0,
0,0,0,0,1,1,1,1,0,1,1,1)
CNStesclass <- c(1,0,1,1,1,1,0,0,1,0,1,1)

Lungtraidx <- c(80,31,42,44,59,15,23,39,46,32,5,55,82,75,70,21,81,64,51,4,37,47,58,3,
66,85,61,17,83,63,34,35,36,62,45,29,19,57,6,65,7,56,18,33,72,69,77,73,
50,12,79,53,48,84,20,9,43,76,38,13,10,30,27,86,16,68,14,49,40)
Lungtesidx <- c(67,25,28,26,8,52,1,71,78,24,11,74,2,22,41,60,54)
Lungtraclass <- c(1,0,0,0,0,0,0,0,0,0,0,0,1,1,1,0,1,1,0,0,0,0,0,0,1,1,0,0,1,1,0,0,0,0,0,0,
0,0,0,1,0,0,0,0,1,1,1,1,0,0,1,0,0,1,0,0,0,1,0,0,0,0,0,1,0,1,0,0,0)
Lungtesclass <- c(1,0,0,0,0,0,0,1,1,0,0,1,0,0,0,0,0)

Ovatraidx <- c(245,22,217,137,163,220,148,56,203,102,91,250,219,188,235,253,193,100,
10,54,176,58,173,171,237,106,232,6,160,53,5,36,40,20,93,177,
74,162,161,243,212,87,67,211,35,135,37,174,64,16,152,49,27,75,
154,233,134,223,221,107,17,117,33,189,29,21,151,111,71,222,116,52,
41,202,108,140,46,208,248,63,114,165,39,92,167,125,13,166,139,155,
198,55,242,128,60,120,124,76,190,90,129,183,24,216,227,123,234,131,
79,44,178,70,205,9,66,182,69,231,210,156,247,138,94,249,214,195,
103,118,77,215,62,113,218,175,185,72,179,32,192,122,146,8,81,61,
196,83,68,96,127,104,95,180,98,197,31,38,170,130,200,3,164,11,
229,228,82,251,26,73,86,145,112,65,119,149,168,25,238,224,4,19,
187,50,141,159,105,85,59,30,43,169,240,213,184,34,201,236,115,194,
2,209,15,97)
Ovatesidx <- c(157,206,121,7,12,42,99,57,133,204,239,230,191,186,142,241,110,226,
84,89,78,199,144,28,51,14,246,225,207,1,109,48,150,252,23,143,
18,136,147,132,158,80,47,126,181,244,88,101,45,153,172)
Ovatraclass <- c(1,0,1,1,1,1,1,0,1,1,0,1,1,1,1,1,1,1,0,0,1,0,1,1,1,1,1,0,1,0,0,0,0,0,1,1,
0,1,1,1,1,0,0,1,0,1,0,1,0,0,1,0,0,0,1,1,1,1,1,1,0,1,0,1,0,0,1,1,0,1,1,0,
0,1,1,1,0,1,1,0,1,1,0,1,1,1,0,1,1,1,1,0,1,1,0,1,1,0,1,0,1,1,0,1,1,1,1,1,
0,0,1,0,1,0,0,1,0,1,1,1,1,1,1,1,1,1,1,1,0,1,0,1,1,1,1,0,1,0,1,1,1,0,0,0,
1,0,0,1,1,1,1,1,1,1,0,0,1,1,1,0,1,0,1,1,0,1,0,0,0,1,1,0,1,1,1,0,1,1,0,0,
1,0,1,1,1,0,0,0,0,1,1,1,1,0,1,1,1,1,0,1,0,1)
Ovatesclass <- c(1,1,1,0,0,0,1,0,1,1,1,1,1,1,1,1,1,1,0,0,0,1,1,0,0,0,1,1,1,0,1,0,1,1,0,1,
0,1,1,1,1,0,0,1,1,1,0,1,0,1,1)

Lytraidx <- c(53,40,24,38,43,52,28,7,30,2,11,31,48,9,4,45,57,61,12,62,17,21,47,20,
39,35,26,14,50,29,22,59,25,8,1,34,33,37,3,49,6,54,27,55,18,32,41,51,56,5);
Lytesidx <- c(60,58,10,15,19,44,23,46,42,13,36,16);
Lytraclass <- c(3,1,1,1,2,3,1,1,1,1,1,1,2,1,1,2,3,3,1,3,1,1,2,1,1,1,1,1,2,1,1,3,1,1,1,1,
1,1,1,2,1,3,1,3,1,1,1,2,3,1);
Lytesclass <- c(3,3,1,1,1,2,1,2,1,1,1,1);

MLLtraidx <- c(9,22,34,35,42,26,59,40,54,17,8,51,60,61,31,55,66,5,50,14,70,30,28,57,47,62,32,
7,2,53,43,3,44,11,68,25,16,36,24,63,71,15,29,27,49,67,33,23,45,65,4,1,46,52,20,39,19,21);
MLLtesidx <- c(48,6,10,37,38,64,12,69,58,13,41,18,72,56);
MLLtraclass <- c(1,1,2,2,2,2,3,2,3,1,1,3,3,3,2,3,3,1,3,1,3,2,2,3,3,3,2,1,1,3,2,1,2,1,3,2,1,2,1,3,
3,1,2,2,3,3,2,1,3,3,1,1,3,3,1,2,1,1);
MLLtesclass <- c(3,1,1,2,2,3,1,3,3,1,2,1,3,3);

Braintraidx <- c(19,16,49,18,33,31,8,17,24,29,39,34,41,14,25,9,3,5,36,2,22,35,27,48,45,4,7,
47,42,40,37,21,13,43,6,23,15,1,46,28);
Braintesidx <- c(30,50,26,38,32,44,10,11,20,12);
Braintraclass <- c(2,2,4,2,3,3,1,2,3,3,4,3,4,1,3,1,1,1,4,1,3,3,3,4,4,1,1,4,4,4,4,2,1,4,1,3,2,1,4,3);
Braintesclass <- c(3,4,3,4,3,4,1,1,2,1);

TOXtraidx <- c(167,14,51,100,46,106,41,116,65,136,27,32,153,30,29,86,44,57,140,159,
1,47,58,120,119,166,37,134,105,111,72,17,12,84,141,109,104,40,75,16,
114,15,26,77,71,158,23,147,60,68,135,34,8,90,59,13,157,103,49,139,
92,127,39,118,156,25,81,33,125,87,170,115,171,88,63,160,45,122,102,113,
91,146,165,24,149,98,56,144,80,121,4,83,163,70,108,126,101,62,93,152,
38,9,107,132,74,99,61,54,143,76,7,112,130,168,138,162,18,123,79,22,
11,31,55,67,131,169,145,10,97,21,52,2,161,73,69,117,28);
TOXtesidx <- c(48,36,78,53,95,148,151,89,110,155,124,133,66,19,3,42,154,137,128,85,
164,35,6,142,43,96,5,50,20,82,94,64,129,150);
TOXtraclass <- c(4,1,2,3,2,3,1,3,2,4,1,1,4,1,1,2,1,2,4,4,1,2,2,3,3,4,1,4,3,3,2,1,1,2,4,3,3,1,2,1,
3,1,1,2,2,4,1,4,2,2,4,1,1,2,2,1,4,3,2,4,3,3,1,3,4,1,2,1,3,2,4,3,4,2,2,4,1,3,3,3,
3,4,4,1,4,3,2,4,2,3,1,2,4,2,3,3,3,2,3,4,1,1,3,4,2,3,2,2,4,2,1,3,4,4,4,4,1,3,2,1,
1,1,2,2,4,4,4,1,3,1,2,1,4,2,2,3,1);
TOXtesclass <- c(2,1,2,2,3,4,4,2,3,4,3,4,2,1,1,1,4,4,3,2,4,1,1,4,1,3,1,2,1,2,3,2,3,4)